{
    "1": [
        [
            0.9999421423317703,
            -0.009842830892186521,
            0.004339431872721417,
            0.0011167923302781158
        ],
        [
            0.009833800158711941,
            0.999949447082799,
            0.0020975350399412016,
            0.0025649582833126433
        ],
        [
            -0.004359858184469733,
            -0.0020547405756161045,
            0.9999883847714326,
            -0.0008717841652503625
        ],
        [
            0.0,
            0.0,
            0.0,
            1.0
        ]
    ],
    "2": [
        [
            0.9999870221245559,
            -0.003905615816869024,
            0.0032713525572536438,
            0.0004120950205682705
        ],
        [
            0.0039014925991486113,
            0.9999915879716623,
            0.001265836250271397,
            0.0009137457246014835
        ],
        [
            -0.0032762689086237463,
            -0.0012530566646143286,
            0.9999938479365929,
            -0.0006857620703258661
        ],
        [
            0.0,
            0.0,
            0.0,
            1.0
        ]
    ],
    "3": [
        [
            0.9999629530836179,
            -0.0063665307779037054,
            0.005793077432907673,
            0.0006593165338655282
        ],
        [
            0.006382705020470702,
            0.9999757721488564,
            -0.0027778034342133087,
            0.0015277539461463208
        ],
        [
            -0.005775252108031103,
            0.002814676029576329,
            0.9999793618180012,
            -0.001734712005187794
        ],
        [
            0.0,
            0.0,
            0.0,
            1.0
        ]
    ],
    "4": [
        [
            0.9999566362428007,
            -0.007701781983284619,
            0.005235283016773105,
            0.0007241661250892983
        ],
        [
            0.007720670279925879,
            0.999963724683377,
            -0.0035973000675052383,
            0.0022136355416917525
        ],
        [
            -0.0052073874843756255,
            0.0036375639690529957,
            0.9999798254184724,
            -0.0017147943543661254
        ],
        [
            0.0,
            0.0,
            0.0,
            1.0
        ]
    ],
    "5": [
        [
            0.9999415056585381,
            -0.009855747755314087,
            0.004455277490745063,
            0.0010515469252302956
        ],
        [
            0.009846782423103363,
            0.9999494591744329,
            0.0020297715809131428,
            0.0026192030741750416
        ],
        [
            -0.004475057234045049,
            -0.0019857827026753577,
            0.9999880151930869,
            -0.0008364919344363564
        ],
        [
            0.0,
            0.0,
            0.0,
            1.0
        ]
    ],
    "6": [
        [
            0.9999792101381006,
            -0.005993452174177372,
            0.002378617795486622,
            0.0007380951173122097
        ],
        [
            0.00599530849450984,
            0.9999817283880151,
            -0.0007740582503792421,
            0.001702836843028216
        ],
        [
            -0.002373935053201412,
            0.0007883027052898297,
            0.9999968715007105,
            -0.0006089489438544163
        ],
        [
            0.0,
            0.0,
            0.0,
            1.0
        ]
    ],
    "7": [
        [
            0.9999840334985391,
            -0.005526078675783142,
            -0.0011811868867914012,
            0.0007631364482003078
        ],
        [
            0.005530974223441541,
            0.9999759579946405,
            0.004182314770637712,
            0.0017788194991007616
        ],
        [
            0.0011580466882206402,
            -0.004188781107926507,
            0.999990556475759,
            0.0005010574172474129
        ],
        [
            0.0,
            0.0,
            0.0,
            1.0
        ]
    ],
    "8": [
        [
            0.9999911390277102,
            -0.0017520667044541288,
            -0.003827809860268558,
            0.00026581332065583885
        ],
        [
            0.0017824166179992267,
            0.9999668905594236,
            0.007939822159088904,
            0.0007680561077813425
        ],
        [
            0.0038137720255812034,
            -0.007946574556450238,
            0.9999611527933252,
            0.0014376642659095877
        ],
        [
            0.0,
            0.0,
            0.0,
            1.0
        ]
    ],
    "9": [
        [
            0.999970586764237,
            3.357371030969054e-05,
            -0.007669711806453634,
            0.00016724902983250578
        ],
        [
            4.383577823890112e-05,
            0.9999490685656253,
            0.010092489938700476,
            0.0006188504217571195
        ],
        [
            0.007669660019363519,
            -0.01009252929370012,
            0.9999196553561908,
            0.002461634360658344
        ],
        [
            0.0,
            0.0,
            0.0,
            1.0
        ]
    ],
    "10": [
        [
            0.9999624069457898,
            0.002071013576981844,
            -0.008419952372059902,
            -8.299815956291923e-06
        ],
        [
            -0.00197660093968697,
            0.9999352587047182,
            0.011205866671275808,
            0.00023947603619578484
        ],
        [
            0.008442614755455283,
            -0.011188802522751593,
            0.9999017616517124,
            0.0026844662263099846
        ],
        [
            0.0,
            0.0,
            0.0,
            1.0
        ]
    ],
    "11": [
        [
            0.9999279795575271,
            0.0033283807371354526,
            -0.0115307232934925,
            -0.00035197945231618677
        ],
        [
            -0.0031665445937728697,
            0.9998966287184976,
            0.014025151433007105,
            0.00012589440885067693
        ],
        [
            0.011576212391713967,
            -0.013987628785887454,
            0.9998351551868989,
            0.003581551569119157
        ],
        [
            0.0,
            0.0,
            0.0,
            1.0
        ]
    ],
    "12": [
        [
            0.9999243671855582,
            0.001647917715422068,
            -0.01218787412817715,
            0.00016400464356702837
        ],
        [
            -0.0014169845898937198,
            0.9998197657146293,
            0.018932201166687247,
            0.0004421605983830068
        ],
        [
            0.012216876165088077,
            -0.018913499241206663,
            0.9997464816058218,
            0.004271883283129333
        ],
        [
            0.0,
            0.0,
            0.0,
            1.0
        ]
    ],
    "13": [
        [
            0.9998847324574673,
            0.0036978063504548102,
            -0.014725760647698611,
            -0.0003477144299545154
        ],
        [
            -0.0034534077776867,
            0.9998564515497393,
            0.016587654116395144,
            0.00018742950763417365
        ],
        [
            0.014784984720309537,
            -0.016534888041915583,
            0.9997539705868947,
            0.004613916733371696
        ],
        [
            0.0,
            0.0,
            0.0,
            1.0
        ]
    ],
    "14": [
        [
            0.9996963563792556,
            0.010403220487181232,
            -0.022337592653123715,
            -0.0007076555945699781
        ],
        [
            -0.009979277257167905,
            0.999769542961538,
            0.019007235251424597,
            -0.0011405598210723622
        ],
        [
            0.022530181256846978,
            -0.018778550795348736,
            0.9995697859392113,
            0.006523987791371595
        ],
        [
            0.0,
            0.0,
            0.0,
            1.0
        ]
    ],
    "15": [
        [
            0.9995774377670799,
            0.01463312776633438,
            -0.025116080083775527,
            -0.0013182455689022543
        ],
        [
            -0.014135349647567474,
            0.9997023745408701,
            0.019883516481926846,
            -0.0020805302286759225
        ],
        [
            0.025399562936033116,
            -0.019520089885043772,
            0.9994867824506429,
            0.007223863965931821
        ],
        [
            0.0,
            0.0,
            0.0,
            1.0
        ]
    ],
    "16": [
        [
            0.9997579837575336,
            0.011521800504525037,
            -0.018740918499500207,
            -0.0006969534724761139
        ],
        [
            -0.011099960755051198,
            0.9996861338173648,
            0.022459401695649184,
            -0.0013130679702010595
        ],
        [
            0.018993809104739915,
            -0.022245942695784875,
            0.9995720850690403,
            0.005613514958149646
        ],
        [
            0.0,
            0.0,
            0.0,
            1.0
        ]
    ],
    "17": [
        [
            0.9997541504137214,
            0.015409361902825497,
            -0.015943346458194535,
            -0.0011030805444735559
        ],
        [
            -0.015064179196103646,
            0.9996543011274313,
            0.0215487526918452,
            -0.0024040358230159875
        ],
        [
            0.016269887390082154,
            -0.021303281511879765,
            0.9996406659200795,
            0.005065563502660735
        ],
        [
            0.0,
            0.0,
            0.0,
            1.0
        ]
    ],
    "18": [
        [
            0.9996420116730101,
            0.025492244093744083,
            -0.00812366846950037,
            -0.0019647842160149254
        ],
        [
            -0.025334208968101506,
            0.9994985305577699,
            0.018996454111722648,
            -0.004391077571735069
        ],
        [
            0.00860385694313573,
            -0.01878384688830282,
            0.9997865475899237,
            0.0032276080417608273
        ],
        [
            0.0,
            0.0,
            0.0,
            1.0
        ]
    ],
    "19": [
        [
            0.9988418984730896,
            0.04807225152067497,
            0.00198002232492323,
            -0.0030063674298167475
        ],
        [
            -0.048091118724785026,
            0.9987829389942158,
            0.010949204257638331,
            -0.009673519607369466
        ],
        [
            -0.001451259615936444,
            -0.011031745456175062,
            0.999938095302763,
            0.0005128581415643242
        ],
        [
            0.0,
            0.0,
            0.0,
            1.0
        ]
    ],
    "20": [
        [
            0.9986303762064845,
            0.05009263546145657,
            0.015102966272233384,
            2.0839483112822244e-05
        ],
        [
            -0.050324535279124935,
            0.9986143870455282,
            0.015386589440966474,
            -0.010582231290491864
        ],
        [
            -0.014311284590654096,
            -0.01612556536095299,
            0.9997675496209883,
            0.0008212224443827874
        ],
        [
            0.0,
            0.0,
            0.0,
            1.0
        ]
    ],
    "21": [
        [
            0.9969961275611302,
            0.07168467961692487,
            0.029326239723676102,
            0.0029913900152091777
        ],
        [
            -0.07196912502809467,
            0.9973683887351789,
            0.00876026223832485,
            -0.01779062218167525
        ],
        [
            -0.028621087868949784,
            -0.010844531341307041,
            0.9995315049908061,
            0.004402103002697479
        ],
        [
            0.0,
            0.0,
            0.0,
            1.0
        ]
    ],
    "22": [
        [
            0.9935359046881356,
            0.09524581217107235,
            0.061762782963534865,
            0.007660986120998803
        ],
        [
            -0.09404351098687325,
            0.9953228481610115,
            -0.0220962886004388,
            -0.02617471729169514
        ],
        [
            -0.06357848800333094,
            0.016145067126675645,
            0.9978462369877863,
            0.002485918978667734
        ],
        [
            0.0,
            0.0,
            0.0,
            1.0
        ]
    ],
    "23": [
        [
            0.9885958371312413,
            0.11604132078729634,
            0.09598272071950129,
            0.014282771832826002
        ],
        [
            -0.11248754622030631,
            0.9927793981404849,
            -0.04166075579188461,
            -0.03395392809529037
        ],
        [
            -0.10012403683488037,
            0.030388789014312963,
            0.9945107836268701,
            0.003673419979257783
        ],
        [
            0.0,
            0.0,
            0.0,
            1.0
        ]
    ],
    "24": [
        [
            0.9805221077852784,
            0.1439915919950179,
            0.13357700991957502,
            0.020545527678722253
        ],
        [
            -0.13653904641278755,
            0.9886027937086369,
            -0.06341612630998839,
            -0.04316821684556926
        ],
        [
            -0.14118599416727073,
            0.04394243627995666,
            0.989007369712067,
            0.003550804331492574
        ],
        [
            0.0,
            0.0,
            0.0,
            1.0
        ]
    ],
    "25": [
        [
            0.97379789537796,
            0.15520841195729693,
            0.16621674950241536,
            0.030183553025504073
        ],
        [
            -0.14696944236278853,
            0.9872677800166122,
            -0.060846639616674164,
            -0.050202126889033735
        ],
        [
            -0.1735443515906689,
            0.03482354661381244,
            0.9842101801100258,
            0.00818986786526156
        ],
        [
            0.0,
            0.0,
            0.0,
            1.0
        ]
    ],
    "26": [
        [
            0.9608991557247755,
            0.1807288880676793,
            0.20978532252098223,
            0.03703984065475929
        ],
        [
            -0.1689889153479964,
            0.9829292076151589,
            -0.07275245223731451,
            -0.060057253841118055
        ],
        [
            -0.21935259063188653,
            0.034456375822992255,
            0.9750370245012361,
            0.005822702363856791
        ],
        [
            0.0,
            0.0,
            0.0,
            1.0
        ]
    ],
    "27": [
        [
            0.9447076629296584,
            0.20462386627671386,
            0.2562352531404539,
            0.04291011168000841
        ],
        [
            -0.18783538082102647,
            0.9781928465680804,
            -0.08863760282665414,
            -0.06763790910168878
        ],
        [
            -0.268784860648443,
            0.035606576260646436,
            0.9625418798229987,
            -0.001033018769561661
        ],
        [
            0.0,
            0.0,
            0.0,
            1.0
        ]
    ],
    "28": [
        [
            0.9237938737553895,
            0.2214739284093229,
            0.31233664185771454,
            0.04708692404165174
        ],
        [
            -0.20088822428422795,
            0.9747949363414015,
            -0.097050262375192,
            -0.07334750502819624
        ],
        [
            -0.3259582797781675,
            0.026909684466861056,
            0.945001094563362,
            -0.01094711025844515
        ],
        [
            0.0,
            0.0,
            0.0,
            1.0
        ]
    ],
    "29": [
        [
            0.8960386268761118,
            0.24193835960653126,
            0.37226416601235285,
            0.04793231195244049
        ],
        [
            -0.21279861682832182,
            0.9699253552294235,
            -0.11815901979548572,
            -0.07977906819685998
        ],
        [
            -0.3896556528807517,
            0.026657746228396704,
            0.9205747317540807,
            -0.025514107045713344
        ],
        [
            0.0,
            0.0,
            0.0,
            1.0
        ]
    ],
    "30": [
        [
            0.8577120468315119,
            0.26416833916217874,
            0.4410727075034182,
            0.044548309177433854
        ],
        [
            -0.22348756510705112,
            0.9641786836460104,
            -0.14287328037519598,
            -0.08595495220883984
        ],
        [
            -0.46301549970019573,
            0.02396986831302894,
            0.8860260111590603,
            -0.045517147558136684
        ],
        [
            0.0,
            0.0,
            0.0,
            1.0
        ]
    ],
    "31": [
        [
            0.816164498255229,
            0.2869864377635052,
            0.5015120101529017,
            0.03993206548141093
        ],
        [
            -0.23157611531961847,
            0.9576454331588086,
            -0.17113657459337187,
            -0.09118613847726242
        ],
        [
            -0.5293845621108206,
            0.023537393438775957,
            0.8480554088671584,
            -0.06356976020766247
        ],
        [
            0.0,
            0.0,
            0.0,
            1.0
        ]
    ],
    "32": [
        [
            0.7806407599221005,
            0.30252174039285734,
            0.546882620438722,
            0.036235038194892905
        ],
        [
            -0.23521132791281546,
            0.9529162460266997,
            -0.19137988211897347,
            -0.09606281029999471
        ],
        [
            -0.5790299087005232,
            0.020765949245325623,
            0.8150418027206977,
            -0.07737319366102022
        ],
        [
            0.0,
            0.0,
            0.0,
            1.0
        ]
    ],
    "33": [
        [
            0.7344518447109584,
            0.3238504600933451,
            0.5964070483302477,
            0.026184174642738547
        ],
        [
            -0.23483221317717284,
            0.9457848029522875,
            -0.22437677722708615,
            -0.10078776270803531
        ],
        [
            -0.6367372452236325,
            0.02473835083087568,
            0.7706839135100643,
            -0.0949461645472143
        ],
        [
            0.0,
            0.0,
            0.0,
            1.0
        ]
    ],
    "34": [
        [
            0.6894380063147463,
            0.342264980803849,
            0.6383807001813955,
            0.014918724030394792
        ],
        [
            -0.2484810827208336,
            0.9395962948745766,
            -0.23540593490362596,
            -0.10922436285354192
        ],
        [
            -0.680391348400779,
            0.003672270865457863,
            0.7328397692866165,
            -0.10785129100949756
        ],
        [
            0.0,
            0.0,
            0.0,
            1.0
        ]
    ],
    "35": [
        [
            0.6477862630571928,
            0.3481516833632859,
            0.6776159404601602,
            0.003637827820926892
        ],
        [
            -0.257684365739615,
            0.9371736067690908,
            -0.23516887215102653,
            -0.11277267062148887
        ],
        [
            -0.7169182136393032,
            -0.022271868954440804,
            0.6968014342734284,
            -0.1195798526979499
        ],
        [
            0.0,
            0.0,
            0.0,
            1.0
        ]
    ],
    "36": [
        [
            0.6096451884580228,
            0.3482996375040409,
            0.7120534437136972,
            -0.006117790429920389
        ],
        [
            -0.25895512983473407,
            0.9365174398890996,
            -0.236383852062366,
            -0.11286415712950168
        ],
        [
            -0.7491828781561001,
            -0.04027961392715475,
            0.6611373289866651,
            -0.13126434415394017
        ],
        [
            0.0,
            0.0,
            0.0,
            1.0
        ]
    ],
    "37": [
        [
            0.576567548396816,
            0.3517325355726671,
            0.7374646334267888,
            -0.013830542150779224
        ],
        [
            -0.26185927884228954,
            0.934532366651407,
            -0.2409957961565234,
            -0.11292559163139898
        ],
        [
            -0.7739506316425369,
            -0.054161601716926924,
            0.6309254636481048,
            -0.13924843598099512
        ],
        [
            0.0,
            0.0,
            0.0,
            1.0
        ]
    ],
    "38": [
        [
            0.5518239162147659,
            0.35415919126094825,
            0.7550242597021573,
            -0.019062371883717663
        ],
        [
            -0.26457256564533094,
            0.9329247768517691,
            -0.2442390596197172,
            -0.11341995507757816
        ],
        [
            -0.7908803468295612,
            -0.06498175114190276,
            0.6085110097749143,
            -0.14126406824899576
        ],
        [
            0.0,
            0.0,
            0.0,
            1.0
        ]
    ],
    "39": [
        [
            0.5373002643007578,
            0.3529248852075379,
            0.7659976836672434,
            -0.021240722149966848
        ],
        [
            -0.2682620009244379,
            0.93258222091314,
            -0.2415075570178526,
            -0.11586283281133505
        ],
        [
            -0.7995898478859976,
            -0.07572599710773696,
            0.5957530096606194,
            -0.1395764497542239
        ],
        [
            0.0,
            0.0,
            0.0,
            1.0
        ]
    ],
    "40": [
        [
            0.5226882537897435,
            0.34448380621245045,
            0.7798255552414348,
            -0.02262849021704115
        ],
        [
            -0.2542093465946268,
            0.9360914523519628,
            -0.2431263065518137,
            -0.11289030257364623
        ],
        [
            -0.8137411120584742,
            -0.07115968023379965,
            0.576855009907049,
            -0.13974365269770272
        ],
        [
            0.0,
            0.0,
            0.0,
            1.0
        ]
    ],
    "41": [
        [
            0.5086713566886152,
            0.3514954396246816,
            0.785941732450705,
            -0.026254010333075423
        ],
        [
            -0.25075024597207535,
            0.9337746462055878,
            -0.25532180527438897,
            -0.11090099518176169
        ],
        [
            -0.8236369133480526,
            -0.06720019365062337,
            0.5631219840707797,
            -0.14007980060507813
        ],
        [
            0.0,
            0.0,
            0.0,
            1.0
        ]
    ],
    "42": [
        [
            0.4975064231828944,
            0.3528080289813214,
            0.7924732510173943,
            -0.029412268559751098
        ],
        [
            -0.2482673048826002,
            0.9332519947527055,
            -0.2596229181263218,
            -0.10984527892115059
        ],
        [
            -0.8311742923226714,
            -0.06758112884830912,
            0.5518895603338548,
            -0.14138150819621104
        ],
        [
            0.0,
            0.0,
            0.0,
            1.0
        ]
    ],
    "43": [
        [
            0.4818641489953242,
            0.35802801205207063,
            0.7997642680809481,
            -0.036168285221557
        ],
        [
            -0.2535969900461859,
            0.9306378025872556,
            -0.2638216197264336,
            -0.11071767914092445
        ],
        [
            -0.8387463910816706,
            -0.07569163085577317,
            0.5392358189752108,
            -0.14289826998081778
        ],
        [
            0.0,
            0.0,
            0.0,
            1.0
        ]
    ],
    "44": [
        [
            0.4723717129228008,
            0.3600063084045396,
            0.8045249671323547,
            -0.0391534180809754
        ],
        [
            -0.2586111771069359,
            0.9292172434537802,
            -0.2639613106944337,
            -0.11172756798181324
        ],
        [
            -0.8426062092731963,
            -0.0833712922839399,
            0.5320375961500851,
            -0.1431934467693438
        ],
        [
            0.0,
            0.0,
            0.0,
            1.0
        ]
    ],
    "45": [
        [
            0.4626253669588444,
            0.36356820158774694,
            0.808576485337315,
            -0.041808128897355204
        ],
        [
            -0.2559665297962225,
            0.9279792067650551,
            -0.2708057005230483,
            -0.11033922443902187
        ],
        [
            -0.8487985069910728,
            -0.08168693044759655,
            0.5223680119645301,
            -0.14408742497236282
        ],
        [
            0.0,
            0.0,
            0.0,
            1.0
        ]
    ],
    "46": [
        [
            0.4537114778504597,
            0.366917447097376,
            0.812106816793392,
            -0.04387241151274364
        ],
        [
            -0.25479399527470586,
            0.9266724602907079,
            -0.2763298234188981,
            -0.1089101732372327
        ],
        [
            -0.8539472553025188,
            -0.08154592788306746,
            0.5139302937237546,
            -0.14529896593190406
        ],
        [
            0.0,
            0.0,
            0.0,
            1.0
        ]
    ],
    "47": [
        [
            0.44280173065016104,
            0.36571390356128664,
            0.8186452028047239,
            -0.04533503375271964
        ],
        [
            -0.24824537307313613,
            0.9273479889575095,
            -0.2799998966504145,
            -0.10702176626316481
        ],
        [
            -0.8615688376914533,
            -0.07924044496612219,
            0.5014180788529365,
            -0.14760397110476176
        ],
        [
            0.0,
            0.0,
            0.0,
            1.0
        ]
    ],
    "48": [
        [
            0.43514241647202495,
            0.36688798671266215,
            0.8222191207900825,
            -0.04611662748660691
        ],
        [
            -0.25149173410744624,
            0.9263899814600314,
            -0.28027399081276194,
            -0.10795190000878507
        ],
        [
            -0.8645247162820254,
            -0.08482221086727418,
            0.49538087112954987,
            -0.14696068998471107
        ],
        [
            0.0,
            0.0,
            0.0,
            1.0
        ]
    ],
    "49": [
        [
            0.42861426344058046,
            0.37257746193166624,
            0.8230892102535703,
            -0.047715118863485464
        ],
        [
            -0.2541647049755475,
            0.9239450701817074,
            -0.2858772639291415,
            -0.10891757103011676
        ],
        [
            -0.8670006435522295,
            -0.08666915337925767,
            0.49071207640788844,
            -0.14684879857215466
        ],
        [
            0.0,
            0.0,
            0.0,
            1.0
        ]
    ],
    "50": [
        [
            0.4192324786584783,
            0.3749330511739864,
            0.8268429935454695,
            -0.05041048904428778
        ],
        [
            -0.24642155788303013,
            0.9235445491163427,
            -0.2938398911107746,
            -0.10626877496771514
        ],
        [
            -0.8737966265947521,
            -0.08056471271503512,
            0.47957145704970244,
            -0.14895580127320823
        ],
        [
            0.0,
            0.0,
            0.0,
            1.0
        ]
    ],
    "51": [
        [
            0.4235242683900768,
            0.3763526729348376,
            0.824005982781347,
            -0.04958175092819386
        ],
        [
            -0.2538086104912639,
            0.9224813693362527,
            -0.2908767994667267,
            -0.10861051834556622
        ],
        [
            -0.869602428311435,
            -0.08594642984042931,
            0.4862147960238769,
            -0.14769924279673874
        ],
        [
            0.0,
            0.0,
            0.0,
            1.0
        ]
    ],
    "52": [
        [
            0.4247023783289026,
            0.3745672954037347,
            0.8242130980855037,
            -0.04872005979320919
        ],
        [
            -0.25351950574444604,
            0.9231790780541728,
            -0.2889087226965275,
            -0.10852022191141067
        ],
        [
            -0.869112046889735,
            -0.08625387560555495,
            0.48703646567187986,
            -0.14740396509907783
        ],
        [
            0.0,
            0.0,
            0.0,
            1.0
        ]
    ],
    "53": [
        [
            0.44289493952763986,
            0.3714871793460807,
            0.8159910220843741,
            -0.0427044867304808
        ],
        [
            -0.2538941035889999,
            0.924833497772414,
            -0.28323274097600515,
            -0.1083347962328739
        ],
        [
            -0.8598731631488141,
            -0.08173296140196867,
            0.5039224804639281,
            -0.14450931309293213
        ],
        [
            0.0,
            0.0,
            0.0,
            1.0
        ]
    ]
}